<?xml version="1.0"?>
<opencv_storage>
<calibration_Time>"Sun Jan 31 22:19:45 2021"</calibration_Time>
<nrOfFrames>7</nrOfFrames>
<image_Width>1616</image_Width>
<image_Height>1080</image_Height>
<board_Width>8</board_Width>
<board_Height>6</board_Height>
<square_Size>30.</square_Size>
<FixAspectRatio>1.</FixAspectRatio>
<!-- flags:  +fix_aspectRatio +fix_principal_point +zero_tangent_dist -->
<flagValue>14</flagValue>
<Camera_Matrix type_id="opencv-matrix">
  <rows>3</rows>
  <cols>3</cols>
  <dt>d</dt>
  <data>
    1.0911195320931674e+03 0. 8.0750000000000000e+02 0.
    1.0911195320931674e+03 5.3950000000000000e+02 0. 0. 1.</data></Camera_Matrix>
<Distortion_Coefficients type_id="opencv-matrix">
  <rows>5</rows>
  <cols>1</cols>
  <dt>d</dt>
  <data>
    -8.7069474956657428e-02 4.1556049306461340e-01 0. 0.
    -4.5474667924190698e-01</data></Distortion_Coefficients>
<Avg_Reprojection_Error>2.2625814795852528e+00</Avg_Reprojection_Error>
<Per_View_Reprojection_Errors type_id="opencv-matrix">
  <rows>7</rows>
  <cols>1</cols>
  <dt>f</dt>
  <data>
    1.51851165e+00 1.48438513e+00 4.23305321e+00 1.93665779e+00
    1.25082469e+00 2.41403770e+00 1.50470150e+00</data></Per_View_Reprojection_Errors>
<!-- a set of 6-tuples (rotation vector + translation vector) for each view -->
<Extrinsic_Parameters type_id="opencv-matrix">
  <rows>7</rows>
  <cols>6</cols>
  <dt>d</dt>
  <data>
    -1.9389727232110521e-01 -2.3238639900046796e-02
    -6.8584962244590212e-03 -1.1620083325671763e+02
    -7.7970182631569500e+01 2.8913013955540322e+02
    -5.4550635013114501e-01 1.7995557237830037e-01
    7.2701479974900429e-01 -2.4842096600148235e+01
    -1.4852551349022525e+02 3.7064446078535468e+02
    -9.1782208235276019e-01 -1.3297876716931323e-01
    -2.9132129124786504e-02 -1.0196697703913422e+02
    -8.4377142508769168e+01 3.1068925113425172e+02
    -3.3119994035304667e-01 -1.2431177370981877e-01
    -1.7866572036735381e-01 -1.1670881061616062e+02
    -6.6973767754572279e+01 3.2375892737629215e+02
    -6.0779108497950285e-01 6.5916653803894845e-02
    2.4133184882319783e-01 -8.1245316088860136e+01
    -8.9923656599932983e+01 3.6788806830392826e+02
    -6.7581027217148393e-01 -2.1971692330933551e-01
    -2.0043795720771912e-01 -7.8971183344246882e+01
    -4.9287146162357473e+01 3.9608964038196245e+02
    -4.8685786797745345e-01 -1.7443234449686908e-02
    9.5155166886746745e-01 1.4880694631490515e+01
    -1.4524359879982410e+02 3.8816502968176536e+02</data></Extrinsic_Parameters>
<Image_points type_id="opencv-matrix">
  <rows>7</rows>
  <cols>48</cols>
  <dt>"2f"</dt>
  <data>
    3.72435760e+02 2.44646912e+02 4.86483215e+02 2.46763336e+02
    5.98688782e+02 2.48153351e+02 7.10077332e+02 2.47679886e+02
    8.21284302e+02 2.47457123e+02 9.31753418e+02 2.46794876e+02
    1.04201514e+03 2.46484222e+02 1.15250916e+03 2.45373459e+02
    3.64584534e+02 3.52096985e+02 4.80531738e+02 3.52755859e+02
    5.95345032e+02 3.53396118e+02 7.09014404e+02 3.52189880e+02
    8.22898743e+02 3.51634583e+02 9.35651855e+02 3.52150116e+02
    1.04820007e+03 3.51924011e+02 1.15994958e+03 3.51812042e+02
    3.56182953e+02 4.63900299e+02 4.74598083e+02 4.63978851e+02
    5.91330872e+02 4.63483276e+02 7.07883545e+02 4.62348053e+02
    8.24440979e+02 4.62263550e+02 9.39813293e+02 4.61917358e+02
    1.05436938e+03 4.61998199e+02 1.16857361e+03 4.61611420e+02
    3.47664642e+02 5.81153931e+02 4.67523438e+02 5.80159668e+02
    5.87278625e+02 5.79294983e+02 7.06742798e+02 5.78392517e+02
    8.26121704e+02 5.77540466e+02 9.43868042e+02 5.77356812e+02
    1.06091138e+03 5.76983582e+02 1.17665344e+03 5.76610779e+02
    3.37465240e+02 7.02568298e+02 4.60507690e+02 7.01589600e+02
    5.83150269e+02 7.00569824e+02 7.05646057e+02 6.99428772e+02
    8.27962585e+02 6.98462341e+02 9.48461182e+02 6.97609924e+02
    1.06745483e+03 6.96760986e+02 1.18570190e+03 6.95753723e+02
    3.26235809e+02 8.30395081e+02 4.53584656e+02 8.29182312e+02
    5.79379089e+02 8.27714966e+02 7.04519165e+02 8.26539185e+02
    8.29656616e+02 8.25257019e+02 9.53319885e+02 8.23632874e+02
    1.07475562e+03 8.21892151e+02 1.19463208e+03 8.20132141e+02
    7.34677429e+02 1.01840096e+02 7.99511963e+02 1.45454254e+02
    8.67569031e+02 1.90059601e+02 9.40015991e+02 2.34569565e+02
    1.01721515e+03 2.81671112e+02 1.09917664e+03 3.31295624e+02
    1.18635168e+03 3.84941162e+02 1.28011536e+03 4.41258514e+02
    6.71136719e+02 1.44493011e+02 7.36394226e+02 1.89252258e+02
    8.05335266e+02 2.35986221e+02 8.78818848e+02 2.82219727e+02
    9.57277405e+02 3.32494537e+02 1.04041260e+03 3.86632050e+02
    1.12901562e+03 4.45452820e+02 1.22354041e+03 5.08594604e+02
    6.02951904e+02 1.89367661e+02 6.68752136e+02 2.36577652e+02
    7.38156616e+02 2.84712280e+02 8.12370117e+02 3.34925812e+02
    8.91589355e+02 3.89931061e+02 9.76101624e+02 4.48523315e+02
    1.06622595e+03 5.12255188e+02 1.16295276e+03 5.80247314e+02
    5.29823425e+02 2.38233551e+02 5.95322693e+02 2.86051422e+02
    6.65263550e+02 3.37674072e+02 7.40069641e+02 3.92692352e+02
    8.20273804e+02 4.51352570e+02 9.05633240e+02 5.16208252e+02
    9.97245605e+02 5.85614197e+02 1.09517542e+03 6.60577881e+02
    4.50752075e+02 2.87880310e+02 5.16341919e+02 3.39486237e+02
    5.86419983e+02 3.94857849e+02 6.61715942e+02 4.54484436e+02
    7.42629272e+02 5.18688293e+02 8.29271301e+02 5.90372070e+02
    9.21743164e+02 6.66904358e+02 1.02148773e+03 7.48365906e+02
    3.64695221e+02 3.40683350e+02 4.30877258e+02 3.98629883e+02
    5.01265656e+02 4.59386230e+02 5.76637573e+02 5.24395508e+02
    6.58009094e+02 5.93709290e+02 7.45505554e+02 6.70757996e+02
    8.39586182e+02 7.54579468e+02 9.40548889e+02 8.44246216e+02
    4.50085144e+02 2.51193008e+02 5.56580261e+02 2.55388504e+02
    6.60700500e+02 2.61954590e+02 7.62705261e+02 2.65392426e+02
    8.62962341e+02 2.68808868e+02 9.60699524e+02 2.72379913e+02
    1.05649109e+03 2.76538696e+02 1.15078394e+03 2.79452362e+02
    4.30439697e+02 2.94199127e+02 5.45770386e+02 2.97460297e+02
    6.58609802e+02 3.05589386e+02 7.68584167e+02 3.12111420e+02
    8.76644287e+02 3.14424225e+02 9.81546692e+02 3.19216217e+02
    1.08437134e+03 3.23233734e+02 1.18482251e+03 3.27412262e+02
    4.07040741e+02 3.44680389e+02 5.33448486e+02 3.49256409e+02
    6.56264099e+02 3.54635925e+02 7.75696899e+02 3.62896576e+02
    8.92050293e+02 3.71175018e+02 1.00559564e+03 3.74348724e+02
    1.11631360e+03 3.78366394e+02 1.22467615e+03 3.81626740e+02
    3.79330414e+02 4.07575958e+02 5.17956909e+02 4.08386414e+02
    6.53225403e+02 4.14082794e+02 7.84015137e+02 4.24460510e+02
    9.11103577e+02 4.32874359e+02 1.03419189e+03 4.38389465e+02
    1.15428076e+03 4.42194061e+02 1.27099292e+03 4.46042328e+02
    3.44564850e+02 4.78683685e+02 4.99637482e+02 4.80623260e+02
    6.49694946e+02 4.88242096e+02 7.94460205e+02 4.98685974e+02
    9.34320129e+02 5.07350891e+02 1.06902466e+03 5.13027588e+02
    1.19984705e+03 5.17273071e+02 1.32746838e+03 5.19562073e+02
    3.00811707e+02 5.68190247e+02 4.76569763e+02 5.75636414e+02
    6.45162842e+02 5.84430847e+02 8.06654175e+02 5.92347351e+02
    9.62379089e+02 5.98758179e+02 1.11130090e+03 6.04740417e+02
    1.25570508e+03 6.07524780e+02 1.39713879e+03 6.06292297e+02
    4.19509155e+02 3.19480194e+02 5.19314697e+02 3.03557770e+02
    6.17611084e+02 2.89673462e+02 7.14185425e+02 2.75786194e+02
    8.08377869e+02 2.66815063e+02 8.99657837e+02 2.56557312e+02
    9.88934937e+02 2.46116653e+02 1.07670471e+03 2.34303726e+02
    4.27100159e+02 4.06915100e+02 5.30024719e+02 3.90009216e+02
    6.31599670e+02 3.75350372e+02 7.31144043e+02 3.60830353e+02
    8.27821472e+02 3.49744904e+02 9.21264954e+02 3.39313812e+02
    1.01245758e+03 3.27608643e+02 1.10149878e+03 3.16019653e+02
    4.34851562e+02 5.00606812e+02 5.41707642e+02 4.83047089e+02
    6.46447388e+02 4.66782898e+02 7.48872070e+02 4.51020905e+02
    8.48462830e+02 4.38261780e+02 9.44365845e+02 4.25813263e+02
    1.03755750e+03 4.13379272e+02 1.12854370e+03 4.00516602e+02
